      0/99     7.35G    0.0765     1.662         0     1.739         3       640   0.04251   0.01869  0.001587 0.0002056    0.1053    0.5169         0
      1/99     7.31G   0.07566    0.2926         0    0.3682         8       640   0.01504   0.01869 0.0008653 0.0001283    0.1048    0.1508         0
      2/99     7.31G   0.07364   0.09334         0     0.167         4       640   0.01972   0.03738  0.002452 0.0004896    0.1037   0.04273         0
      3/99     7.31G   0.07507   0.02696         0     0.102         6       640   0.03973   0.03738  0.003283  0.000527    0.1025    0.0175         0
      4/99     7.32G   0.07274   0.01274         0   0.08548         7       640   0.02193   0.03738  0.004231 0.0008353    0.1009   0.01266         0
      5/99     7.32G   0.07025  0.009034         0   0.07929         6       640   0.03665    0.2617   0.01694  0.003818   0.09826   0.01049         0
      6/99     7.32G   0.06792  0.007578         0   0.07549         6       640    0.1309     0.215   0.07304   0.01776   0.09343   0.01008         0
      7/99     7.32G   0.05982  0.007126         0   0.06695         5       640    0.5536    0.5888    0.5155    0.1237   0.08838  0.009051         0
      8/99     7.32G   0.05526  0.005769         0   0.06103         6       640    0.5847    0.7383    0.6538     0.203   0.08391  0.008022         0
      9/99     7.32G   0.05447  0.004822         0   0.05929         6       640    0.5307    0.7196    0.5605     0.131   0.08383  0.007317         0
     10/99     7.32G   0.05368  0.004625         0   0.05831         5       640    0.8317    0.7849    0.8603    0.2903   0.07673  0.007275         0
     11/99     7.32G    0.0534  0.004179         0   0.05758        10       640    0.8888    0.8218    0.8809    0.3585   0.07691  0.006794         0
     12/99     7.32G   0.04861  0.004182         0   0.05279         6       640    0.8156    0.8318     0.837    0.3351   0.07397  0.006724         0
     13/99     7.32G   0.04773  0.004109         0   0.05183         8       640    0.6794    0.7757    0.7401    0.2446    0.0778  0.006713         0
     14/99     7.32G   0.04544   0.00388         0   0.04932         9       640    0.7278    0.8505    0.7707    0.3225   0.07473  0.006102         0
     15/99     7.32G   0.04681  0.003911         0   0.05072         8       640    0.8829    0.8505    0.8976    0.3911   0.07344  0.006135         0
     16/99     7.32G   0.04584  0.004056         0   0.04989         4       640    0.8453    0.6355     0.753    0.3043   0.07621  0.006749         0
     17/99     7.32G   0.04285  0.003823         0   0.04667        14       640    0.8067    0.8969    0.8855    0.3962   0.07562  0.005849         0
     18/99     7.32G   0.04515  0.003891         0   0.04904         9       640    0.8973    0.7383     0.859    0.3796   0.07194  0.006058         0
     19/99     7.32G    0.0431  0.003933         0   0.04703         5       640    0.8873    0.8879    0.9079    0.4183   0.07059  0.006235         0
     20/99     7.32G   0.03968  0.003603         0   0.04328         3       640    0.7138    0.7477    0.7917     0.392   0.06879  0.005844         0
     21/99     7.32G   0.04222  0.003883         0   0.04611         5       640    0.5743    0.7564    0.6648     0.295   0.07778  0.006255         0
     22/99     7.32G   0.04227  0.004039         0   0.04631         8       640    0.7472    0.8318    0.7883    0.3703   0.07074  0.006661         0
     23/99     7.32G   0.04187  0.004158         0   0.04602        12       640    0.7643     0.729    0.7401    0.2835   0.06776  0.006519         0
     24/99     7.32G   0.04073  0.004041         0   0.04477         7       640    0.8514    0.8035    0.8469    0.4217   0.06579  0.006747         0
     25/99     7.32G   0.04079  0.003848         0   0.04464         9       640    0.8171      0.71    0.8072    0.4221   0.06645  0.006624         0
     26/99     7.32G   0.04116  0.004159         0   0.04532         7       640     0.754    0.8318    0.8106    0.3585   0.06385    0.0062         0
     27/99     7.32G    0.0423  0.004505         0    0.0468        11       640    0.8224    0.8224    0.8525    0.4683   0.06146  0.006411         0
     28/99     7.32G   0.04044   0.00417         0   0.04461         9       640    0.8377    0.8681    0.8836    0.4403   0.06494  0.005988         0
     29/99     7.32G   0.03908  0.004037         0   0.04312         6       640     0.876    0.8598    0.9065    0.4903   0.06009  0.006212         0
     30/99     7.32G   0.03902  0.004307         0   0.04333         4       640     0.748    0.8877    0.8928    0.4864   0.05947  0.005871         0
     31/99     7.32G   0.03635  0.003839         0   0.04019         8       640    0.7759    0.9062     0.898    0.4557   0.05813  0.005767         0
     32/99     7.32G   0.03912   0.00381         0   0.04293         8       640    0.8857    0.8785     0.925    0.4976   0.05509  0.005993         0
     33/99     7.32G   0.03564  0.003912         0   0.03955        11       640    0.8947    0.9533    0.9458    0.5235   0.05365  0.005799         0
     34/99     7.32G    0.0346  0.003541         0   0.03814         2       640    0.7674    0.9252    0.9042    0.5435    0.0552  0.006065         0
     35/99     7.32G   0.03433  0.003626         0   0.03796        10       640    0.9361    0.9626    0.9726    0.5708    0.0504  0.005666         0
     36/99     7.32G   0.03291  0.003752         0   0.03666         6       640    0.9074    0.9159    0.9441    0.5707   0.05151  0.005699         0
     37/99     7.32G   0.03167  0.003445         0   0.03511         4       640    0.9804    0.9345    0.9771    0.5971   0.05077  0.005502         0
     38/99     7.32G   0.03218  0.003343         0   0.03552        10       640    0.9713    0.9533    0.9804    0.5767   0.05017  0.005592         0
     39/99     7.32G   0.03197  0.003423         0   0.03539         4       640    0.9082    0.9252    0.9366    0.4742   0.04953  0.005689         0
     40/99     7.32G   0.03466  0.003727         0   0.03839         7       640    0.7596    0.9159    0.8883    0.4661   0.04988  0.005669         0
     41/99     7.32G   0.03232  0.003638         0   0.03596         9       640    0.9495    0.8783    0.9637    0.5933   0.04809  0.005727         0
     42/99     7.32G   0.02904  0.003471         0   0.03251         9       640    0.9802    0.9346     0.978    0.5906   0.04639  0.005615         0
     43/99     7.32G   0.02896  0.003602         0   0.03256         7       640    0.9813    0.9813     0.984    0.6121   0.04519  0.005422         0
     44/99     7.32G   0.02991  0.003654         0   0.03356         6       640    0.9904    0.9626      0.99    0.6257   0.04596  0.005353         0
     45/99     7.32G   0.02713  0.003195         0   0.03033         6       640    0.9811     0.972    0.9856    0.6293    0.0457  0.005266         0
     46/99     7.32G   0.02744  0.003381         0   0.03082         5       640    0.9815    0.9906    0.9865    0.6459   0.04531  0.005063         0
     47/99     7.32G    0.0271  0.003184         0   0.03028         5       640    0.9901    0.9626    0.9837    0.6062   0.04633  0.005137         0
     48/99     7.32G   0.02836  0.003171         0   0.03153         7       640    0.9725    0.9904    0.9842    0.6061   0.04598  0.005328         0
     49/99     7.32G    0.0267  0.003414         0   0.03012         7       640      0.99    0.9252    0.9724    0.6023   0.04529  0.005371         0
     50/99     7.32G   0.02628  0.003147         0   0.02943         5       640    0.9904    0.9626    0.9853    0.6353   0.04396  0.005489         0
     51/99     7.32G   0.02738  0.003345         0   0.03072        12       640    0.9722    0.9813     0.986    0.6403   0.04395  0.005255         0
     52/99     7.32G   0.02618  0.003215         0   0.02939         6       640    0.9716    0.9626    0.9739     0.577   0.04589  0.005406         0
     53/99     7.32G   0.02487  0.003217         0   0.02809         9       640    0.9719     0.972    0.9773     0.612   0.04439  0.005289         0
     54/99     7.32G   0.02662  0.003163         0   0.02978         7       640    0.9721    0.9813    0.9778    0.6498   0.04351  0.005237         0
     55/99     7.32G   0.02441  0.003153         0   0.02756         6       640    0.9545    0.9812    0.9784    0.6545   0.04373  0.005175         0
     56/99     7.32G   0.02545  0.003149         0    0.0286         9       640    0.9815    0.9907    0.9885    0.6222   0.04326  0.005191         0
     57/99     7.32G   0.02435  0.003107         0   0.02746         9       640    0.9626    0.9622    0.9737    0.6636   0.04209  0.005447         0
     58/99     7.32G   0.02444  0.003188         0   0.02763         4       640    0.9813    0.9812     0.986    0.6326   0.04226  0.005346         0
     59/99     7.32G   0.02382  0.003383         0   0.02721         5       640    0.9906    0.9812    0.9844    0.6834    0.0428  0.005259         0
     60/99     7.32G    0.0243  0.002963         0   0.02726         6       640    0.9809    0.9626     0.975    0.6856   0.04225  0.005184         0
     61/99     7.32G   0.02264  0.003014         0   0.02565         6       640    0.9901    0.9533    0.9816    0.6843   0.04124  0.005231         0
     62/99     7.32G    0.0224  0.003025         0   0.02543        12       640    0.9813    0.9813    0.9835    0.6663   0.04135  0.005177         0
     63/99     7.32G   0.02319  0.002595         0   0.02578         4       640    0.9722    0.9813    0.9803    0.6646   0.04197  0.005113         0
     64/99     7.32G   0.02298  0.003192         0   0.02617         8       640    0.9815    0.9903     0.989    0.6767   0.04024  0.005163         0
     65/99     7.32G   0.02097  0.002969         0   0.02394         5       640    0.9906    0.9907    0.9902     0.682    0.0401  0.005089         0
     66/99     7.32G   0.02078  0.002899         0   0.02367        10       640    0.9906    0.9907    0.9913    0.6846   0.03963  0.004982         0
     67/99     7.32G   0.02188  0.002922         0    0.0248         9       640    0.9905    0.9813    0.9893    0.6687   0.03974  0.005035         0
     68/99     7.32G   0.02133  0.002983         0   0.02432        10       640    0.9907    0.9906    0.9886    0.6948    0.0391  0.005072         0
     69/99     7.32G    0.0217  0.002785         0   0.02448        10       640    0.9815    0.9906    0.9881    0.6662   0.04009  0.004945         0
     70/99     7.32G   0.02043  0.002842         0   0.02327         5       640    0.9815    0.9907    0.9868    0.6687   0.03819  0.005114         0
     71/99     7.32G   0.02096  0.002703         0   0.02366         5       640    0.9903     0.972     0.983    0.6951   0.03875  0.005026         0
     72/99     7.32G   0.02003  0.002892         0   0.02292         9       640    0.9906    0.9907    0.9872    0.6974   0.03862  0.004976         0
     73/99     7.32G   0.01996  0.002942         0    0.0229         3       640    0.9907    0.9906    0.9884    0.6933   0.03876  0.005028         0
     74/99     7.32G   0.01962  0.003044         0   0.02266         8       640    0.9815    0.9906    0.9874    0.7009   0.03869  0.005015         0
     75/99     7.32G   0.02031  0.002712         0   0.02302         9       640    0.9906    0.9907    0.9878    0.6898   0.03849  0.005029         0
     76/99     7.32G   0.01984  0.002796         0   0.02263         7       640    0.9906    0.9813    0.9859    0.6834   0.03858  0.005053         0
     77/99     7.32G   0.01938  0.002844         0   0.02222         7       640    0.9906    0.9813    0.9856    0.6837   0.03823   0.00509         0
     78/99     7.32G    0.0183  0.002673         0   0.02098         7       640    0.9906    0.9813     0.986    0.6962   0.03783   0.00506         0
     79/99     7.32G   0.01873  0.002678         0   0.02141        10       640    0.9906    0.9813    0.9843    0.6862   0.03759  0.005054         0
     80/99     7.32G   0.01858  0.002719         0    0.0213         6       640    0.9906    0.9813    0.9862    0.6993   0.03724  0.005111         0
     81/99     7.32G   0.01827  0.002781         0   0.02105         4       640    0.9906    0.9813    0.9878     0.695   0.03782  0.005146         0
     82/99     7.32G   0.01864  0.002832         0   0.02147        10       640    0.9906    0.9813    0.9911    0.6955   0.03778  0.005061         0
     83/99     7.32G   0.01806  0.002781         0   0.02084         5       640    0.9811    0.9719    0.9828    0.6826   0.03841  0.005137         0
     84/99     7.32G   0.01903  0.002951         0   0.02198         4       640    0.9722    0.9813    0.9881    0.7057   0.03752  0.005031         0
     85/99     7.32G   0.01807  0.002616         0   0.02068         6       640    0.9907    0.9906    0.9909    0.7017   0.03717  0.005002         0
     86/99     7.32G   0.01829  0.002751         0   0.02104         8       640    0.9906    0.9907    0.9903    0.6897   0.03761  0.005085         0
     87/99     7.32G   0.01708  0.002688         0   0.01977        11       640    0.9906    0.9907    0.9908    0.6942   0.03749  0.005065         0
     88/99     7.32G   0.01756  0.002598         0   0.02016        10       640    0.9907    0.9906    0.9923    0.7042   0.03709  0.005012         0
     89/99     7.32G    0.0187  0.002668         0   0.02137         8       640    0.9907    0.9906    0.9924    0.6943   0.03728   0.00504         0
     90/99     7.32G    0.0171  0.002447         0   0.01955         4       640    0.9907    0.9906    0.9919    0.6883   0.03778  0.005095         0
     91/99     7.32G   0.01718  0.002719         0    0.0199         8       640    0.9906    0.9907    0.9916    0.6875   0.03743  0.005083         0
     92/99     7.32G   0.01766  0.002636         0    0.0203         3       640    0.9906    0.9907     0.992     0.696   0.03725  0.005034         0
     93/99     7.32G   0.01744  0.002803         0   0.02025         8       640    0.9906    0.9907     0.992     0.688   0.03732  0.005049         0
     94/99     7.32G   0.01685  0.002631         0   0.01948        11       640    0.9906    0.9907     0.992    0.6957   0.03667   0.00502         0
     95/99     7.32G   0.01681  0.002734         0   0.01954         5       640    0.9907    0.9906    0.9916    0.6981   0.03688  0.004997         0
     96/99     7.32G   0.01765  0.002575         0   0.02023         7       640    0.9906    0.9907     0.991    0.7001   0.03655  0.004951         0
     97/99     7.32G   0.01767  0.002682         0   0.02035         5       640    0.9906    0.9907    0.9909    0.6961   0.03638  0.004975         0
     98/99     7.32G   0.01744  0.002396         0   0.01984         9       640    0.9906    0.9907     0.991    0.7031   0.03632  0.004992         0
     99/99     7.32G   0.01722  0.002688         0   0.01991         6       640    0.9907    0.9907    0.9908    0.6977   0.03659  0.005035         0
